// Nexus Buddy BR2 - Exported from Blender for import to Nexus Buddy 2
skeleton
0 "Whole" -1 0.00000000 0.00000000 0.00000000 0.00000000 0.00000000 0.00000000 1.00000000 1.00000000 0.00000000 0.00000000 0.00000000 0.00000000 1.00000000 0.00000000 0.00000000 0.00000000 0.00000000 1.00000000 0.00000000 0.00000000 0.00000000 0.00000000 1.00000000
1 "Base Human" 0 -0.00000000 0.00000008 0.00000000 0.70710707 -0.00000007 0.70710647 -0.00000004 0.00000073 -0.00000016 1.00000000 -0.00000000 0.00000000 -1.00000000 -0.00000016 0.00000000 1.00000000 0.00000000 -0.00000073 -0.00000000 0.00000000 0.00000008 0.00000000 1.00000000
2 "HORSE_BASE_ORIENT" 0 -89.37463379 41.33784866 113.95549774 -0.49066347 0.50916421 -0.49066472 0.50916541 -0.00000003 0.00000243 1.00000000 -0.00000000 -0.99931544 0.03699501 -0.00000012 0.00000000 -0.03699501 -0.99931544 0.00000243 -0.00000000 45.52533340 112.34841156 89.37435913 1.00000000
3 "Horse" 0 -0.00000000 0.00000008 0.00000000 0.70710701 0.00003702 0.70710653 -0.00003695 0.00000058 0.00000009 1.00000000 -0.00000000 0.00010465 -1.00000000 0.00000009 0.00000000 1.00000000 0.00010465 -0.00000058 0.00000000 -0.00000000 0.00000008 -0.00000000 1.00000000
4 "SWORD_CONSTRAINT_Parent" 0 -38.96586990 -4.21837997 64.07479095 0.72403157 -0.59193188 -0.23323987 0.26644740 0.19043185 -0.73286223 -0.65318328 -0.00000000 -0.98144686 -0.15724504 -0.10970853 0.00000000 -0.02230862 0.66195685 -0.74920970 -0.00000000 4.70964670 -71.63468170 22.09080505 1.00000000
5 "HorsePelvis" 2 -0.01170356 0.00371377 89.35286713 -0.00000124 0.00000000 -0.00005351 1.00000000 -0.00000003 -0.00000006 1.00000000 -0.00000000 -0.99931943 0.03688807 -0.00000002 0.00000000 -0.03688807 -0.99931943 -0.00000006 -0.00000000 45.52501678 112.34957123 0.02177442 1.00000000
6 "LINKER Hips" 1 -0.00000000 -0.00000393 0.00000001 0.70710707 -0.00000004 0.70710647 0.00000005 1.00000000 0.00000008 -0.00000003 -0.00000000 -0.00000008 1.00000000 -0.00000007 0.00000000 0.00000003 0.00000007 1.00000000 -0.00000000 -0.00000001 -0.00000401 0.00000000 1.00000000
7 "Spear" 4 0.24687177 0.55498606 -3.00396752 -0.00126658 -0.00000000 -0.00000000 0.99999923 0.19043185 -0.73120528 -0.65503764 -0.00000000 -0.98144686 -0.15696663 -0.11010651 0.00000000 -0.02230862 0.66385257 -0.74753046 -0.00000000 4.46277475 -72.25301361 24.91182327 1.00000000
8 "CHARACTER_REORIENT" 6 0.00001493 4.81262779 61.61849976 0.70710576 0.00122018 0.70710564 0.00123105 0.00000037 0.00000168 1.00000000 -0.00000000 0.00349037 -0.99999386 0.00000168 0.00000000 0.99999380 0.00349037 -0.00000038 0.00000000 -61.63491440 4.59752655 0.00000193 1.00000000
9 "HorseLFemur" 5 -20.22952461 11.99612713 13.28081417 -0.83533120 -0.54880911 0.00557041 0.03161163 0.02539059 -0.05892574 -0.99793941 -0.00000000 -0.36344960 -0.93049246 0.04569592 0.00000000 -0.93126774 0.36154050 -0.04504230 0.00000000 117.85127258 21.34514427 15.02454185 1.00000000
10 "HorseRFemur" 5 -20.22951698 11.99613571 -13.28083038 0.83533400 0.54880798 0.00547356 0.03157375 -0.02551189 0.05875798 -0.99794614 -0.00000000 -0.36345458 -0.93050033 -0.04549535 0.00000000 -0.93126249 0.36154747 0.04509469 0.00000000 117.84831238 21.34524727 -15.08590984 1.00000000
11 "HorseSpine1" 5 0.00000141 0.00000388 -0.00000030 0.00000006 -0.00000008 0.11251725 0.99364978 0.00000014 0.00000005 1.00000000 -0.00000000 -0.96576810 0.25940740 0.00000012 0.00000000 -0.25940740 -0.96576810 0.00000008 -0.00000000 69.49430084 99.32521057 0.02175234 1.00000000
12 "HorseTail1" 5 -27.39110184 2.94788694 -0.00000497 -0.00000009 0.00000005 0.99930471 0.03728481 -0.00000015 0.00000016 1.00000000 -0.00000000 0.99928981 0.03768167 0.00000015 0.00000000 -0.03768167 0.99928981 -0.00000017 0.00000000 -64.56100464 -114.53106689 0.02177972 1.00000000
13 "Base HumanPelvis" 8 -0.00959814 2.75130057 -0.00000091 -0.00000008 -0.00000000 -0.00000000 1.00000000 0.00000037 0.00000151 1.00000000 -0.00000000 0.00349037 -0.99999386 0.00000151 0.00000000 0.99999380 0.00349037 -0.00000038 0.00000000 -61.62531662 1.84622622 0.00000315 1.00000000
14 "HorseLTibia" 9 31.31951523 -0.00022123 -0.00362437 0.01084755 0.01118965 -0.46607709 0.88460684 0.09277524 -0.02111136 -0.99546331 -0.00000000 0.56022632 -0.82540059 0.06971676 0.00000000 -0.82312781 -0.56415266 -0.06474961 -0.00000000 30.87041473 83.57262421 15.22665787 1.00000000
15 "HorseRTibia" 10 31.31950760 -0.00014634 0.00229683 -0.01087880 -0.01121167 -0.46607563 0.88460696 -0.09277347 0.02095137 -0.99546659 0.00000000 0.56022888 -0.82541001 -0.06958329 0.00000000 -0.82312608 -0.56414467 0.06483860 -0.00000000 30.86611366 83.57115173 -15.28583622 1.00000000
16 "HorseSpine2" 11 38.44313812 -0.00000147 0.00000943 -0.00000014 -0.00000013 -0.20727699 0.97828227 0.00000041 -0.00000012 1.00000000 -0.00000000 -0.98798490 -0.15455088 0.00000039 0.00000000 0.15455088 -0.98798490 -0.00000018 -0.00000000 -11.89841843 103.38327026 0.02176925 1.00000000
17 "HorseTail2" 12 39.27945709 -0.00001293 0.00000047 -0.00000012 -0.00000000 0.00863249 0.99996275 -0.00000014 -0.00000008 1.00000000 -0.00000000 0.99979144 0.02042398 0.00000015 0.00000000 -0.02042398 0.99979144 0.00000007 -0.00000000 -105.80229187 -112.72125244 0.02175270 1.00000000
18 "Base HumanLThigh" 13 1.15045619 3.13681531 5.87765026 -0.15943407 -0.95226431 -0.23931365 0.10248172 0.27148905 0.42310286 -0.86445230 -0.00000000 -0.25783333 -0.83338290 -0.48887092 0.00000000 -0.92726225 0.35560769 -0.11716431 0.00000000 56.34144974 -25.70481110 11.91272545 1.00000000
19 "Base HumanRThigh" 13 1.15044415 3.13681531 -5.87764788 0.03268120 0.99220735 -0.03682160 0.11445826 -0.22954001 -0.06558657 -0.97108692 -0.00000000 -0.05981502 -0.99489063 0.08133289 0.00000000 -0.97145945 0.07675475 0.22444409 0.00000000 59.57487869 -6.27015257 -19.71111488 1.00000000
20 "Base HumanSpine1" 13 3.04399776 2.61858416 -0.00000109 0.01017289 0.00103080 0.05705792 0.99831849 -0.00089671 0.02043065 0.99979091 -0.00000000 -0.11047659 -0.99367332 0.02020655 0.00000000 0.99387825 -0.11043536 0.00314815 -0.00000000 -64.33611298 6.59885836 -0.19257113 1.00000000
21 "Base HumanSword" 13 -9.48522854 5.85466099 50.61970520 0.00000196 0.00000292 1.00000000 0.00000162 0.00000356 0.00000434 1.00000000 -0.00000000 -0.00348713 0.99999386 -0.00000433 0.00000000 -0.99999380 -0.00348713 0.00000357 -0.00000000 52.13990021 4.00796890 -50.61992645 1.00000000
22 "HorseLLargeCannon" 14 31.77968597 -0.00009962 -0.00617585 0.03013054 -0.05508373 0.31248537 0.94784534 -0.06103527 -0.09480537 -0.99362308 -0.00000000 -0.03019692 -0.99484795 0.09677717 0.00000000 -0.99767876 0.03591115 0.05785797 0.00000000 50.38034058 67.98703766 7.53998661 1.00000000
23 "HorseRLargeCannon" 15 31.77967644 0.00003154 0.00326935 -0.03011952 0.05513628 0.31248522 0.94784272 0.06103583 0.09462234 -0.99364030 -0.00000000 -0.03021360 -0.99486512 -0.09659488 0.00000000 -0.99767816 0.03591726 -0.05786354 0.00000000 50.38401413 67.98889160 -7.59528875 1.00000000
24 "HorseRibcage" 16 37.60342789 -0.00000115 -0.00000503 0.00000025 0.00000010 0.08062630 0.99674439 0.00000022 0.00000033 1.00000000 -0.00000000 -0.99998051 0.00625494 0.00000022 0.00000000 -0.00625494 -0.99998051 0.00000033 -0.00000000 -32.24171448 109.99548340 0.02171283 1.00000000
25 "Strap center" 16 28.50767136 -27.89249611 -0.00000669 0.00000009 0.00000013 0.48536476 0.87431175 -0.00000002 -0.00000012 1.00000000 -0.00000000 -0.65365845 0.75678974 0.00000008 0.00000000 -0.75678974 -0.65365845 -0.00000010 -0.00000000 90.04795074 103.71761322 0.02175850 1.00000000
26 "Base HumanLCalf" 18 33.04482269 0.00060644 -0.00126162 0.21543802 0.07440969 -0.39547125 0.88974839 0.16113880 0.17071506 -0.97205490 -0.00000000 0.53347158 -0.84370559 -0.05973973 -0.00000000 -0.83032644 -0.50893718 -0.22702533 -0.00000000 29.40967178 5.72924948 21.15872002 1.00000000
27 "Base HumanRCalf" 19 33.04481125 0.00196292 0.02913071 -0.01553117 0.01114042 -0.15915373 0.98706877 -0.18066905 -0.10105466 -0.97833878 -0.00000000 0.25477371 -0.96556443 0.05268623 -0.00000000 -0.94997317 -0.23973614 0.20019364 -0.00000000 27.48884010 3.05023885 -19.18126488 1.00000000
28 "Base HumanSpine2" 20 18.80649185 0.00000583 -0.00006278 0.00110394 -0.00177350 -0.13752733 0.99049580 -0.00322003 0.02208761 0.99975091 -0.00000000 0.16448875 -0.98612654 0.02231640 -0.00000000 0.98637366 0.16451961 -0.00045781 -0.00000000 -81.79544067 -16.30238533 0.11363143 1.00000000
29 "HorseFrontRLegScapula" 24 -4.07376528 -1.50537777 -8.22025394 0.90295690 0.39792672 0.01883203 0.16114768 -0.09424042 0.30600661 -0.94735342 -0.00000000 -0.67805320 -0.71648699 -0.16398284 0.00000000 -0.72894645 0.62690222 0.27501073 0.00000000 60.79950333 -87.94747925 -43.15629959 1.00000000
30 "HorseLPhalanxPrima" 22 32.38240051 0.00021525 0.00289573 -0.03527431 0.04410138 0.31783929 0.94646132 0.00001798 -0.00001293 -1.00000012 -0.00000000 -0.62967753 -0.77685666 -0.00000125 0.00000000 -0.77685666 0.62967747 -0.00002212 -0.00000000 54.18576813 42.90498734 15.03347015 1.00000000
31 "HorseLScapula" 24 -4.07377100 -1.50537241 8.22025108 -0.90295702 -0.39792663 0.01883271 0.16114672 0.09423926 -0.30600533 -0.94735408 -0.00000000 -0.67805308 -0.71648711 0.16398264 0.00000000 -0.72894645 0.62690282 -0.27500913 0.00000000 60.80361938 -87.96086121 43.11491776 1.00000000
32 "HorseNeck1" 24 -0.00000117 0.00000350 -0.00000055 -0.00000040 -0.00000031 -0.38413498 0.92327696 0.00000080 -0.00000010 1.00000000 -0.00000000 -0.70930362 -0.70490313 0.00000049 0.00000000 0.70490313 -0.70930362 -0.00000064 -0.00000000 -100.74920654 54.66379547 0.02182836 1.00000000
33 "HorseRPhalanxPrima" 23 32.38240051 0.00040560 -0.00348088 0.03519252 -0.04405393 0.31784147 0.94646585 0.00001345 -0.00000888 -1.00000000 -0.00000000 -0.62968576 -0.77684981 -0.00000157 0.00000000 -0.77684981 0.62968582 -0.00001604 -0.00000000 54.18625259 42.90357208 -15.07515240 1.00000000
34 "Base HumanLFoot" 26 25.74731445 0.00101295 -0.00567628 0.05412337 -0.08309390 0.63240111 0.76826745 0.00372307 -0.10354071 -0.99461836 -0.00000000 -0.72456121 -0.68578011 0.06867818 0.00000000 -0.68920022 0.72040606 -0.07757484 0.00000000 10.34805775 -2.94304299 19.45285416 1.00000000
35 "Base HumanRFoot" 27 25.74732780 0.00045711 0.00419133 0.06803364 0.07983299 0.61206365 0.78382152 -0.10009947 -0.05296680 -0.99356657 -0.00000000 -0.87851232 -0.46410209 0.11324911 0.00000000 -0.46711466 0.88419664 -0.00007562 0.00000000 4.17713451 -4.83662796 -18.42753983 1.00000000
36 "Base HumanRibcage" 28 16.28143883 0.00001797 -0.00006008 -0.00000031 0.00001101 0.05514707 0.99847823 -0.00079002 0.02230847 0.99975085 -0.00000000 0.05488930 -0.99824303 0.02231819 -0.00000000 0.99849200 0.05489326 -0.00043586 -0.00000000 -99.27565765 -5.40240288 0.11150897 1.00000000
37 "HorseFrontRLegHumerus" 29 26.05631447 -0.00102251 0.00343348 0.12325549 0.10470064 -0.55160338 0.81827843 -0.01202406 -0.05868165 -0.99820429 -0.00000000 0.42812833 -0.90244800 0.04789529 -0.00000000 -0.90363801 -0.42678380 0.03597432 -0.00000000 103.22520447 -3.21629882 -11.77470684 1.00000000
38 "HorseLHumerus" 31 26.05631256 -0.00103622 -0.00342766 -0.12325498 -0.10469981 -0.55160677 0.81827635 0.01202419 0.05868243 -0.99820429 -0.00000000 0.42813534 -0.90244442 -0.04789572 -0.00000000 -0.90363461 -0.42679048 -0.03597525 -0.00000000 103.22570801 -3.21295476 11.73133373 1.00000000
39 "HorseLstap" 32 23.34462547 25.94580078 13.72570133 0.15713392 0.06250656 0.89811331 0.40594876 0.23149864 0.23985209 0.94280392 -0.00000000 -0.08734702 0.97034055 -0.22541004 0.00000000 -0.96890604 -0.03016900 0.24558286 -0.00000000 95.39804840 65.73319244 -54.68234634 1.00000000
40 "HorseNeck2" 32 29.74161339 -0.00012505 -0.00000054 0.00000011 0.00000012 0.12983087 0.99153614 0.00000053 -0.00000006 1.00000000 -0.00000000 -0.86687875 -0.49851921 0.00000043 0.00000000 0.49851921 -0.86687875 -0.00000032 -0.00000000 -112.01771545 86.41777802 0.02178382 1.00000000
41 "HorseRstap" 32 23.34461975 25.94579887 -13.72569942 -0.15713260 -0.06250662 0.89811349 0.40594888 -0.23149738 -0.23985220 0.94280422 -0.00000000 -0.08734699 0.97034055 0.22541021 0.00000000 -0.96890640 -0.03016920 -0.24558167 -0.00000000 95.38806915 65.72280121 54.72320175 1.00000000
42 "Base HumanLCollarbone" 36 -2.39639783 3.53085232 2.01217055 0.05419485 -0.72822344 -0.17905484 0.65931249 0.93368208 0.35278657 -0.06147886 -0.00000000 0.32863569 -0.91232830 -0.24424544 0.00000000 -0.14225540 0.20784338 -0.96776259 0.00000000 13.11080074 -24.16637993 93.34399414 1.00000000
43 "Base HumanNeck1" 36 0.54073775 -0.04063633 -0.00000011 -0.00000013 0.00000045 0.10097626 0.99488884 0.00370739 0.02201210 0.99975097 -0.00000000 -0.14679733 -0.98891485 0.02231789 -0.00000000 0.98915958 -0.14684348 -0.00043497 -0.00000000 -98.85820007 14.80271530 0.11142046 1.00000000
44 "Base HumanRCollarbone" 36 -2.39638948 3.53085041 -2.01216602 -0.05442182 0.72825789 -0.17927741 0.65919518 -0.94732308 -0.31216854 -0.07162455 -0.00000000 0.28721538 -0.92696851 0.24132286 0.00000000 -0.14172707 0.20803900 0.96779811 -0.00000000 12.93188858 -24.23189735 -93.35678864 1.00000000
45 "HorseFrontRLegRadius" 37 25.15046883 0.00007784 0.00070356 0.01460267 0.02861158 0.26162806 0.96463406 0.00744614 -0.08763028 -0.99612528 -0.00000000 -0.08972590 -0.99219340 0.08661367 0.00000000 -0.99593878 0.08873316 -0.01525076 0.00000000 66.19245911 -42.62576294 -6.80240583 1.00000000
46 "HorseLRadius" 38 25.15046883 0.00024857 -0.00058826 -0.01461209 -0.02858791 0.26170206 0.96461457 -0.00738497 0.08763415 -0.99612546 -0.00000000 -0.08986699 -0.99217969 -0.08662084 0.00000000 -0.99592632 0.08887924 0.01520258 0.00000000 66.18553925 -42.63162231 6.76205969 1.00000000
47 "HorseNeck3" 40 20.57663918 -0.00004880 -0.00000472 0.00000008 0.00000023 0.57380629 0.81899107 -0.00000015 -0.00000013 1.00000000 -0.00000000 -0.76458329 0.64452505 -0.00000003 0.00000000 -0.64452505 -0.76458329 -0.00000020 -0.00000000 35.94274521 154.13442993 0.02173838 1.00000000
48 "Base HumanLUpperarm" 42 12.46430683 -2.70836020 -0.55150950 0.10021894 -0.36748013 0.10935383 0.91812652 0.66120195 0.07463307 -0.74648654 -0.00000000 -0.05414756 -0.98769647 -0.14671034 0.00000000 -0.74825144 0.13742554 -0.64902550 0.00000000 63.14563751 -10.95832157 71.90113831 1.00000000
49 "Base HumanNeck2" 43 2.85659981 0.00000482 0.00000183 0.00026840 -0.00311466 0.02094755 0.99977571 0.01086364 0.02224357 0.99969369 -0.00000000 -0.18794614 -0.98188877 0.02388981 -0.00000000 0.98211920 -0.18814805 -0.00648629 -0.00000000 -101.00287628 19.05032921 0.73386925 1.00000000
50 "Base HumanRUpperarm" 44 12.46601963 -2.70008135 0.55343121 -0.11159605 0.36837143 0.08166163 0.91933680 -0.64897794 -0.06971611 -0.75760651 -0.00000000 -0.02538443 -0.99325418 0.11314545 0.00000000 -0.76038373 0.09266026 0.64283013 0.00000000 64.18894958 -7.19725418 -71.49086761 1.00000000
51 "HorseFrontRLegMetacarpus" 45 28.73167229 -0.00009015 -0.00070426 0.01580314 0.00747375 0.00223168 0.99984473 0.02185047 -0.11912926 -0.99263823 -0.00000000 -0.09566554 -0.98856872 0.11653499 0.00000000 -0.99517375 0.09241480 -0.03299729 0.00000000 37.35710907 -42.97745132 -4.88943672 1.00000000
52 "HorseLMetacarpus" 46 28.73167801 0.00005589 0.00063857 -0.01580268 -0.00748760 0.00207416 0.99984497 -0.02184944 0.11912747 -0.99263871 -0.00000000 -0.09549747 -0.98858422 -0.11653894 0.00000000 -0.99518985 0.09224831 0.03297633 0.00000000 37.36322403 -42.97038269 4.84818268 1.00000000
53 "Base HumanLForearm" 48 18.72869492 0.00332535 -0.03338977 0.07174875 0.00019559 0.07131643 0.99486989 0.65771991 -0.12729149 -0.74242955 -0.00000000 -0.19522405 -0.98074704 -0.00479773 0.00000000 -0.72752482 0.14809562 -0.66990709 -0.00000000 43.11751556 -6.76737833 73.23033142 1.00000000
54 "Base HumanRForearm" 50 18.37117577 0.00162227 0.01789908 -0.07167367 -0.00044210 0.07123914 0.99488074 -0.64520687 0.13175121 -0.75256222 -0.00000000 -0.16703831 -0.98551434 -0.02932442 0.00000000 -0.74552423 0.10678636 0.65786791 0.00000000 44.99914551 -3.34093976 -72.30843353 1.00000000
55 "HorseFrontRLegPhalangesManus" 51 25.66221809 -0.00029610 -0.00285344 -0.06366321 0.00263516 0.23409712 0.97012299 0.00004856 0.00634962 -0.99997979 -0.00000000 -0.53793049 -0.84297228 -0.00537882 0.00000000 -0.84298944 0.53791976 0.00337467 0.00000000 -8.92248344 -42.63660431 -10.49735737 1.00000000
56 "HorseLPhalangesManus" 52 25.66220284 -0.00034284 0.00277926 0.06366330 -0.00262764 0.23417875 0.97010332 -0.00002472 -0.00635837 -0.99997985 -0.00000000 -0.53792858 -0.84297305 0.00537325 0.00000000 -0.84299022 0.53791797 -0.00339959 0.00000000 -8.92260551 -42.63658524 10.45583630 1.00000000
57 "Base HumanLPalm" 53 16.77822113 -0.00725075 -0.04227420 -0.65987265 -0.00227594 -0.00193482 0.75137156 0.65326083 0.72365165 -0.22266269 -0.00000000 -0.19534352 -0.12303912 -0.97298634 0.00000000 -0.73149931 0.67910945 0.06098401 0.00000000 26.77587700 -73.37509918 2.73502493 1.00000000
58 "Base HumanRPalm" 54 16.77826500 -0.00360465 0.02042439 0.65987229 0.00224186 -0.00191611 0.75137198 -0.64074689 -0.73300242 -0.22836642 -0.00000000 -0.16694060 -0.15731290 0.97333640 0.00000000 -0.74938279 0.66178554 -0.02157012 0.00000000 28.64670372 -71.98824310 -6.00651026 1.00000000
meshes:2
mesh:"HorsemanHorse.001"
vertices
17.50241661 -61.95098877 107.02857208 -0.87356180 0.27475813 -0.40168461 0.31169042 0.03273487 40 40 40 40 255 0 0 0
12.94226074 -71.72511292 109.80580139 -0.90517896 0.26429030 -0.33280435 0.36645490 0.03273487 47 40 47 47 128 127 0 0
11.28333950 -71.08271790 114.20571899 -0.88750875 0.24359874 -0.39106417 0.36645490 0.00526690 47 40 47 47 128 127 0 0
15.18736267 -61.98353958 111.71335602 -0.86373484 0.27082124 -0.42493972 0.31169042 0.00526690 40 40 40 40 255 0 0 0
17.19854736 -53.12887573 113.61995697 -0.88146609 0.23950927 -0.40696433 0.25576314 0.00526690 40 40 40 40 255 0 0 0
19.71121979 -52.25436401 108.34957123 -0.89269692 0.23020111 -0.38737145 0.25576314 0.03273487 40 40 40 40 255 0 0 0
19.67224884 -35.64149857 117.14019012 -0.88567764 0.15408796 -0.43794060 0.15579583 0.03273487 25 25 25 25 255 0 0 0
16.73632050 -37.50775146 122.23411560 -0.89153719 0.08206427 -0.44538713 0.15579583 0.00526690 25 25 25 25 255 0 0 0
12.56276798 -22.56686401 131.06820679 -0.79018527 -0.18048647 -0.58565021 0.05253752 0.03273487 25 25 25 25 255 0 0 0
11.16535091 -25.76699638 134.21882629 -0.63225198 -0.39832759 -0.66451001 0.05253752 0.00526690 25 25 25 25 255 0 0 0
0.09389649 -18.98469353 135.58171082 0.10818812 -0.58815271 -0.80144656 0.00755287 0.03273487 25 25 25 25 255 0 0 0
0.09389649 -22.46542358 138.35679626 0.11899167 -0.61894590 -0.77632982 0.00755287 0.00526690 25 25 25 25 255 0 0 0
6.31610346 -83.13333893 122.31578827 -0.95242167 0.25501266 -0.16678366 0.45001876 0.00526690 47 47 47 47 255 0 0 0
8.45592785 -80.38253021 115.28309631 -0.93838310 0.27430037 -0.21011993 0.41870701 0.03273487 47 47 47 47 255 0 0 0
5.94169903 -85.16856384 120.93563843 -0.96124148 0.23651844 -0.14160588 0.45001876 0.03273487 47 47 47 47 255 0 0 0
8.12517548 -78.87222290 118.39498138 -0.93173009 0.23532823 -0.27652821 0.41870701 0.00526690 47 47 47 47 255 0 0 0
5.33203125 -85.44850159 125.17016602 -0.96972561 0.20917386 -0.12576678 0.46455342 0.00526690 47 47 47 47 255 0 0 0
5.23965788 -87.33835602 123.55045319 -0.97854549 0.15952025 -0.13031404 0.46455342 0.03273487 47 47 47 47 255 0 0 0
-5.55949211 -85.16856384 120.93563843 0.96124148 0.23651844 -0.14160588 0.45001876 0.03273487 47 47 47 47 255 0 0 0
-5.93389654 -83.13333893 122.31578827 0.95242167 0.25501266 -0.16678366 0.45001876 0.00526690 47 47 47 47 255 0 0 0
-4.94982433 -85.44850159 125.17016602 0.96972561 0.20917386 -0.12576678 0.46455342 0.00526690 47 47 47 47 255 0 0 0
-4.85745096 -87.33835602 123.55045319 0.97854549 0.15952025 -0.13031404 0.46455342 0.03273487 47 47 47 47 255 0 0 0
-12.56004810 -71.72511292 109.80580139 0.90517896 0.26429030 -0.33280435 0.36645490 0.03273487 47 40 47 47 128 127 0 0
-10.90113258 -71.08271790 114.20571899 0.88750875 0.24359874 -0.39106417 0.36645490 0.00526690 47 40 47 47 128 127 0 0
-7.74296856 -78.87222290 118.39498138 0.93173009 0.23532823 -0.27652821 0.41870701 0.00526690 47 47 47 47 255 0 0 0
-8.07372093 -80.38253021 115.28309631 0.93838310 0.27430037 -0.21011993 0.41870701 0.03273487 47 47 47 47 255 0 0 0
-6.39160156 -25.76699638 134.21882629 0.72753072 -0.33033234 -0.60127568 0.05253752 0.00526690 25 25 25 25 255 0 0 0
-7.78901339 -22.56686401 131.06820679 0.80941188 -0.17096469 -0.56172371 0.05253752 0.03273487 25 25 25 25 255 0 0 0
-13.13310528 -37.66535187 122.23411560 0.88268685 -0.00567644 -0.46989349 0.15579583 0.00526690 25 25 25 25 255 0 0 0
-15.96059513 -35.63855362 117.14019012 0.88821071 0.02685629 -0.45863217 0.15579583 0.03273487 25 25 25 25 255 0 0 0
-16.70891571 -53.11136627 113.61995697 0.89303261 0.15442365 -0.42265084 0.25576314 0.00526690 40 40 40 40 255 0 0 0
-19.16901398 -52.09833527 108.34957123 0.90716267 0.14136174 -0.39625233 0.25576314 0.03273487 40 40 40 40 255 0 0 0
-17.12020493 -61.95098877 107.02857208 0.87646109 0.26779991 -0.40003663 0.31169042 0.03273487 40 40 40 40 255 0 0 0
-14.80516529 -61.98353958 111.71335602 0.86498612 0.26575518 -0.42558062 0.31169042 0.00526690 40 40 40 40 255 0 0 0
-10.90113258 -71.08271790 114.20571899 -0.88750875 -0.24359874 0.39106417 0.36645490 0.00526690 47 40 47 47 128 127 0 0
-17.12020493 -61.95098877 107.02857208 -0.87646109 -0.26779991 0.40003663 0.31169042 0.03273487 40 40 40 40 255 0 0 0
-12.56004810 -71.72511292 109.80580139 -0.90517896 -0.26429030 0.33280435 0.36645490 0.03273487 47 40 47 47 128 127 0 0
-14.80516529 -61.98353958 111.71335602 -0.86498612 -0.26575518 0.42558062 0.31169042 0.00526690 40 40 40 40 255 0 0 0
-16.70891571 -53.11136627 113.61995697 -0.89303261 -0.15442365 0.42265084 0.25576314 0.00526690 40 40 40 40 255 0 0 0
-19.16901398 -52.09833527 108.34957123 -0.90716267 -0.14136174 0.39625233 0.25576314 0.03273487 40 40 40 40 255 0 0 0
-15.96059513 -35.63855362 117.14019012 -0.88821071 -0.02685629 0.45863217 0.15579583 0.03273487 25 25 25 25 255 0 0 0
-13.13310528 -37.66535187 122.23411560 -0.88268685 0.00567644 0.46989349 0.15579583 0.00526690 25 25 25 25 255 0 0 0
-7.78901339 -22.56686401 131.06820679 -0.80941188 0.17096469 0.56172371 0.05253752 0.03273487 25 25 25 25 255 0 0 0
-6.39160156 -25.76699638 134.21882629 -0.72753072 0.33033234 0.60127568 0.05253752 0.00526690 25 25 25 25 255 0 0 0
0.09389649 -18.98469353 135.58171082 -0.10818812 0.58815271 0.80144656 0.00755287 0.03273487 25 25 25 25 255 0 0 0
0.09389649 -22.46542358 138.35679626 -0.11899167 0.61894590 0.77632982 0.00755287 0.00526690 25 25 25 25 255 0 0 0
-5.93389654 -83.13333893 122.31578827 -0.95242167 -0.25501266 0.16678366 0.45001876 0.00526690 47 47 47 47 255 0 0 0
-8.07372093 -80.38253021 115.28309631 -0.93838310 -0.27430037 0.21011993 0.41870701 0.03273487 47 47 47 47 255 0 0 0
-5.55949211 -85.16856384 120.93563843 -0.96124148 -0.23651844 0.14160588 0.45001876 0.03273487 47 47 47 47 255 0 0 0
-7.74296856 -78.87222290 118.39498138 -0.93173009 -0.23532823 0.27652821 0.41870701 0.00526690 47 47 47 47 255 0 0 0
-4.94982433 -85.44850159 125.17016602 -0.96972561 -0.20917386 0.12576678 0.46455342 0.00526690 47 47 47 47 255 0 0 0
-4.85745096 -87.33835602 123.55045319 -0.97854549 -0.15952025 0.13031404 0.46455342 0.03273487 47 47 47 47 255 0 0 0
5.94169903 -85.16856384 120.93563843 0.96124148 -0.23651844 0.14160588 0.45001876 0.03273487 47 47 47 47 255 0 0 0
6.31610346 -83.13333893 122.31578827 0.95242167 -0.25501266 0.16678366 0.45001876 0.00526690 47 47 47 47 255 0 0 0
5.33203125 -85.44850159 125.17016602 0.96972561 -0.20917386 0.12576678 0.46455342 0.00526690 47 47 47 47 255 0 0 0
5.23965788 -87.33835602 123.55045319 0.97854549 -0.15952025 0.13031404 0.46455342 0.03273487 47 47 47 47 255 0 0 0
12.94226074 -71.72511292 109.80580139 0.90517896 -0.26429030 0.33280435 0.36645490 0.03273487 47 40 47 47 128 127 0 0
11.28333950 -71.08271790 114.20571899 0.88750875 -0.24359874 0.39106417 0.36645490 0.00526690 47 40 47 47 128 127 0 0
8.12517548 -78.87222290 118.39498138 0.93173009 -0.23532823 0.27652821 0.41870701 0.00526690 47 47 47 47 255 0 0 0
8.45592785 -80.38253021 115.28309631 0.93838310 -0.27430037 0.21011993 0.41870701 0.03273487 47 47 47 47 255 0 0 0
11.16535091 -25.76699638 134.21882629 0.63225198 0.39832759 0.66451001 0.05253752 0.00526690 25 25 25 25 255 0 0 0
12.56276798 -22.56686401 131.06820679 0.79018527 0.18048647 0.58565021 0.05253752 0.03273487 25 25 25 25 255 0 0 0
16.73632050 -37.50775146 122.23411560 0.89153719 -0.08206427 0.44538713 0.15579583 0.00526690 25 25 25 25 255 0 0 0
19.67224884 -35.64149857 117.14019012 0.88567764 -0.15408796 0.43794060 0.15579583 0.03273487 25 25 25 25 255 0 0 0
17.19854736 -53.12887573 113.61995697 0.88146609 -0.23950927 0.40696433 0.25576314 0.00526690 40 40 40 40 255 0 0 0
19.71121979 -52.25436401 108.34957123 0.89269692 -0.23020111 0.38737145 0.25576314 0.03273487 40 40 40 40 255 0 0 0
17.50241661 -61.95098877 107.02857208 0.87356180 -0.27475813 0.40168461 0.31169042 0.03273487 40 40 40 40 255 0 0 0
15.18736267 -61.98353958 111.71335602 0.86373484 -0.27082124 0.42493972 0.31169042 0.00526690 40 40 40 40 255 0 0 0
7.82157230 -16.65611267 125.03767395 0.62358469 0.00000000 0.78173161 0.85547382 0.25574183 16 16 16 16 255 0 0 0
11.67983341 -16.39669228 108.11136627 0.97628713 0.06289865 0.20706809 0.83805573 0.18685883 16 16 16 16 255 0 0 0
7.82157230 -12.24055386 125.03767395 0.62767416 0.04043702 0.77739799 0.84122586 0.25574183 16 16 16 16 255 0 0 0
11.01860332 -11.26977921 108.11136627 0.97350991 0.12555315 0.19107638 0.82151252 0.18685883 16 16 16 16 255 0 0 0
7.82157230 -12.24055386 125.03767395 0.62767416 0.04043702 0.77739799 0.85542107 0.27016592 16 16 16 16 255 0 0 0
-8.52856445 -12.24055195 125.03766632 -0.80123293 0.05163732 0.59608752 0.91466761 0.27016592 16 16 16 16 255 0 0 0
-8.52856445 -16.65611267 125.03766632 -0.39793083 0.00000000 0.91738641 0.91466761 0.25591803 16 16 16 16 255 0 0 0
7.82157230 -16.65611267 125.03767395 0.62358469 0.00000000 0.78173161 0.85542107 0.25591803 16 16 16 16 255 0 0 0
-8.52856445 -12.24055195 125.03766632 -0.80123293 0.05163732 0.59608752 0.92925876 0.25540239 16 16 16 16 255 0 0 0
-12.02798843 -11.54852867 108.11135864 -0.97054964 0.12515640 0.20575579 0.94897246 0.18773192 16 16 16 16 255 0 0 0
-12.68922806 -16.67543983 108.11135864 -0.97283852 0.06271554 0.22269356 0.93242908 0.18773192 16 16 16 16 255 0 0 0
-8.52856445 -16.65611267 125.03766632 -0.39793083 0.00000000 0.91738641 0.91501087 0.25540239 16 16 16 16 255 0 0 0
16.28346062 16.72902870 114.90387726 0.96926785 0.00000000 0.24594867 0.96854401 0.03913599 11 11 11 11 255 0 0 0
16.28346062 11.73381424 104.87796783 1.00000000 0.00000000 0.00000000 0.96910721 0.10314006 11 11 11 11 255 0 0 0
16.28346062 17.37303162 104.87796783 1.00000000 0.00000000 0.00000000 0.98910367 0.09680468 11 11 11 11 255 0 0 0
16.28346062 22.36825180 114.90387726 0.87023532 -0.00344859 0.49256873 0.98614866 0.03055280 11 11 11 11 255 0 0 0
-17.06409073 16.72904396 114.90385437 -0.96758932 0.00000000 0.25244913 0.84976315 0.03835970 11 11 11 11 255 0 0 0
-17.06409073 22.36826134 114.90385437 -0.86080509 -0.02084414 0.50846887 0.83174258 0.02745479 11 11 11 11 255 0 0 0
-17.06409073 17.44762230 104.87796021 -1.00000000 0.00000000 0.00000000 0.82897162 0.09607494 11 11 11 11 255 0 0 0
-17.06409073 11.80840206 104.87796021 -1.00000000 0.00000000 0.00000000 0.84904516 0.10282904 11 11 11 11 255 0 0 0
-12.68922806 -16.67543983 108.11135864 -0.11792352 -0.99255347 0.03012177 0.93223572 0.18741786 16 16 16 16 255 0 0 0
-0.39029300 -17.70969391 122.18859863 0.00164800 -0.99121064 0.13217567 0.88517773 0.22967678 16 16 16 16 255 0 0 0
-8.52856445 -16.65611267 125.03766632 -0.05984680 -0.97967470 0.19129002 0.91491020 0.25581592 16 16 16 16 255 0 0 0
7.82157230 -16.65611267 125.03767395 0.06244087 -0.98113954 0.18280587 0.85566348 0.25581574 16 16 16 16 255 0 0 0
11.67983341 -16.39669228 108.11136627 0.12286752 -0.99230933 0.01278726 0.83860475 0.18741786 16 16 16 16 255 0 0 0
-0.39030272 -11.97039604 120.68104553 -0.00262459 0.99850458 0.05417036 0.88524246 0.22932446 16 16 16 16 255 0 0 0
-12.02798843 -11.54852867 108.11135864 -0.01016266 0.99902338 0.04293954 0.93232936 0.18725049 16 16 16 16 255 0 0 0
-8.52856445 -12.24055195 125.03766632 -0.00506607 0.99859613 0.05240028 0.91473234 0.25589097 16 16 16 16 255 0 0 0
7.82157230 -12.24055386 125.03767395 0.00109867 0.99819940 0.05978576 0.85548580 0.25589097 16 16 16 16 255 0 0 0
11.01860332 -11.26977921 108.11136627 0.00222785 0.99832147 0.05767998 0.83864057 0.18749291 16 16 16 16 255 0 0 0
-17.06409073 11.80840206 104.87796021 0.23264259 -0.82915741 0.50825524 0.84904516 0.10282904 11 11 11 11 255 0 0 0
-9.51857376 24.70446396 122.46237946 0.15451521 -0.82662433 0.54109317 0.87507367 0.02147847 11 11 11 11 255 0 0 0
-17.06409073 16.72904396 114.90385437 0.45255896 -0.80050051 0.39286476 0.84976315 0.03835970 11 11 11 11 255 0 0 0
-9.51857376 24.70446396 122.46237946 -0.50190741 -0.05218665 0.86330760 0.87507367 0.02147847 11 11 11 11 255 0 0 0
-9.48523426 29.67359543 122.90065002 -0.24866481 -0.08343761 0.96496475 0.87465328 0.00584751 11 11 11 11 255 0 0 0
-0.39029297 29.20513535 119.19747925 0.00030519 0.92043823 -0.39088106 0.90873253 0.05715895 11 11 11 11 255 0 0 0
-9.48523426 29.67359543 122.90065002 -0.18311106 0.91607410 -0.35673085 0.93869299 0.02202684 11 11 11 11 255 0 0 0
8.70461941 29.67358589 122.90065002 0.18112735 0.91537219 -0.35950804 0.87877232 0.02202684 11 11 11 11 255 0 0 0
8.70461941 29.67358589 122.90065002 0.39225441 -0.05304117 0.91830194 0.94143969 0.00584751 11 11 11 11 255 0 0 0
9.05845642 24.70445061 122.46237946 0.39280373 -0.05041658 0.91821039 0.94336110 0.02172595 11 11 11 11 255 0 0 0
16.28346062 11.73381424 104.87796783 -0.15924558 -0.82488477 0.54237497 0.96910721 0.10314006 11 11 11 11 255 0 0 0
9.05845642 24.70445061 122.46237946 -0.23886837 -0.82573932 0.51094091 0.94336110 0.02172595 11 11 11 11 255 0 0 0
16.28346062 16.72902870 114.90387726 -0.46238592 -0.79360330 0.39539781 0.96854401 0.03913599 11 11 11 11 255 0 0 0
-17.06409073 17.44762230 104.87796021 -0.26889858 0.84582049 -0.46067691 0.96365929 0.09916401 11 11 11 11 255 0 0 0
-17.06409073 22.36826134 114.90385437 -0.37171546 0.83336896 -0.40900907 0.96365929 0.03410476 11 11 11 11 255 0 0 0
16.28346062 17.37303162 104.87796783 0.26590776 0.84459972 -0.46461380 0.85380608 0.09916401 11 11 11 11 255 0 0 0
16.28346062 22.36825180 114.90387726 0.36512345 0.83324689 -0.41514328 0.85380608 0.03410476 11 11 11 11 255 0 0 0
-0.38918945 -90.19473267 153.85435486 0.00000000 -0.81670582 0.57704395 0.67019206 0.23472935 47 47 47 47 255 0 0 0
4.59875011 -81.76017761 158.56259155 0.27658924 -0.03833125 0.96020389 0.63346875 0.28947246 47 47 47 47 255 0 0 0
-5.37718725 -81.76017761 158.56257629 -0.27658924 -0.03833125 0.96020389 0.70833033 0.28686410 47 47 47 47 255 0 0 0
4.59875011 -81.76017761 158.56259155 0.27658924 -0.03833125 0.96020389 0.33593449 0.11349118 47 47 47 47 255 0 0 0
-0.38918945 -66.32943726 156.58497620 0.00000000 0.31812495 0.94802696 0.36966261 0.19952625 47 47 47 47 255 0 0 0
-5.37718725 -81.76017761 158.56257629 -0.27658924 -0.03833125 0.96020389 0.40265596 0.11116648 47 47 47 47 255 0 0 0
9.36561966 107.00042725 108.67473602 0.97930843 0.05554369 0.19455549 0.15139279 0.12155193 12 17 12 12 128 127 0 0
-10.13153267 107.01555634 108.71819305 -0.90664387 0.04229866 -0.41969055 0.16780588 0.19811320 12 17 12 12 128 127 0 0
6.86158180 126.25052643 108.24541473 0.65120393 0.11658071 -0.74983978 0.27832744 0.08056360 17 17 17 17 255 0 0 0
5.06138659 73.96459198 109.03638458 0.85146642 -0.14560381 -0.50376904 0.10389031 0.17245388 12 12 12 12 255 0 0 0
-5.85064459 73.97972870 109.08339691 -0.96862698 -0.15494247 -0.19428083 0.14510983 0.21853846 12 12 12 12 255 0 0 0
-7.62535143 126.23924255 108.32064819 -0.91967529 0.17600024 -0.35099337 0.28457764 0.10823518 17 17 17 17 255 0 0 0
-0.43584961 156.86450195 110.38143921 0.00775170 0.50209051 0.86477250 0.32818466 0.04879141 17 17 17 17 255 0 0 0
-0.37016600 55.16934586 110.08505249 -0.01074252 -0.99923706 -0.03717155 0.06595571 0.21459574 11 11 11 11 255 0 0 0
4.59875011 -81.76017761 158.56259155 0.27658924 -0.03833125 0.96020389 0.40625000 0.96875000 47 47 47 47 255 0 0 0
5.63552713 -86.46719360 154.29910278 0.69106114 -0.66200751 0.29004791 0.37500000 0.98828125 47 47 47 47 255 0 0 0
8.07326603 -86.96057129 163.88737488 0.65184486 0.21906187 0.72597432 0.37890625 0.91796875 47 47 47 47 255 0 0 0
-0.39027342 3.18090391 67.64936066 0.00000000 -0.04855495 -0.99880975 0.05556113 0.63556129 16 11 16 16 128 127 0 0
-0.39027342 35.40552521 68.28356934 0.00000000 0.13159582 -0.99127173 0.05783779 0.75234866 11 11 11 11 255 0 0 0
11.01873493 32.86441422 68.40600586 0.03292947 -0.15860470 -0.98678547 0.13054062 0.73818541 14 11 14 14 128 127 0 0
17.49241257 2.97220278 71.94284821 0.75374615 -0.08502457 -0.65160072 0.14299577 0.63320661 16 11 16 16 128 127 0 0
-0.39029297 -19.97282410 69.99395752 0.00000000 -0.09259316 -0.99569690 0.05556113 0.53474617 16 16 16 16 255 0 0 0
12.99970150 -21.05637741 73.48533630 0.57832575 0.41105381 -0.70464188 0.12313923 0.53880930 38 16 38 38 128 127 0 0
4.71141577 -29.13992310 70.16273499 -0.65486616 0.38523513 -0.65013582 0.08023617 0.52093929 38 46 38 38 128 127 0 0
-0.39155272 -46.39739227 78.38396454 0.00000000 -0.74034852 -0.67217016 0.04342007 0.47658628 38 37 16 38 85 85 85 0
5.85404301 67.52540588 1.38169253 0.00000000 0.00000000 -1.00000000 0.01171875 0.92578125 30 30 30 30 255 0 0 0
18.76035118 65.91741943 1.38169372 0.00000000 0.00000000 -1.00000000 0.07031250 0.92578125 30 30 30 30 255 0 0 0
19.81651306 52.87748718 1.38169372 0.00000000 0.00000000 -1.00000000 0.07421875 0.98437500 30 30 30 30 255 0 0 0
5.95272446 50.74747849 1.38170588 0.00000000 0.00000000 -1.00000000 0.01562500 0.98437500 30 30 30 30 255 0 0 0
5.85404301 67.52540588 1.38169253 -0.83864862 0.49528489 0.22650838 0.76876152 0.98505157 30 30 30 30 255 0 0 0
5.95272446 50.74747849 1.38170588 -0.34052554 -0.84353161 0.41529587 0.71404719 0.98514956 30 30 30 30 255 0 0 0
8.82257271 55.47665787 12.33463001 -0.61473435 -0.50102240 0.60911894 0.72075993 0.93711030 30 30 30 30 255 0 0 0
10.87137222 68.42861176 15.28253174 -0.54121524 0.81453902 -0.20871608 0.78335547 0.91936660 22 30 22 22 128 127 0 0
5.95272446 50.74747849 1.38170588 -0.34052554 -0.84353161 0.41529587 0.96631420 0.98413056 30 30 30 30 255 0 0 0
19.81651306 52.87748718 1.38169372 0.77849668 -0.59065521 0.21222572 0.92421603 0.98466128 30 30 30 30 255 0 0 0
19.32108879 55.84040070 11.44465637 0.77031767 -0.52247691 0.36542863 0.91050684 0.94076097 30 30 30 30 255 0 0 0
8.82257271 55.47665787 12.33463001 -0.61473435 -0.50102240 0.60911894 0.95143175 0.93640399 30 30 30 30 255 0 0 0
18.76035118 65.91741943 1.38169372 0.73879206 0.67390972 0.00360118 0.86612201 0.98505157 30 30 30 30 255 0 0 0
17.23802757 66.49549866 15.01456261 0.89992982 0.37977234 -0.21420942 0.85992497 0.92080116 22 30 22 22 128 127 0 0
19.81651306 52.87748718 1.38169372 0.77849668 -0.59065521 0.21222572 0.92380404 0.98514956 30 30 30 30 255 0 0 0
18.97884750 73.18053436 46.48779678 0.75933105 0.63454086 0.14383374 0.81247532 0.76742458 22 22 22 22 255 0 0 0
19.69330025 64.53763580 41.08148956 0.94189274 -0.27326274 -0.19531846 0.85304314 0.79099166 22 14 22 22 128 127 0 0
18.06188965 73.29440308 36.67177963 0.82515943 0.56224251 -0.05426191 0.81398606 0.81047726 22 22 22 22 255 0 0 0
17.97189903 60.98863220 17.32928276 0.46113467 -0.69621873 0.55006564 0.88460702 0.91040790 22 30 22 22 128 127 0 0
18.42124939 71.86020660 18.80226517 0.58598590 0.68068486 -0.43955809 0.82871485 0.90417540 22 22 22 22 255 0 0 0
18.66309929 63.08407974 22.19834900 0.79665518 -0.60359508 0.03076266 0.87511772 0.88911462 22 22 22 22 255 0 0 0
10.92722607 60.98499680 17.44862747 -0.78112125 -0.33793145 0.52494889 0.73875904 0.91021121 22 30 22 22 128 127 0 0
11.46222591 63.95954132 21.60744286 -0.75585192 -0.56825465 0.32514420 0.75180537 0.89197063 22 22 22 22 255 0 0 0
12.24641609 73.32325745 18.97898674 -0.80962557 0.57097077 -0.13583788 0.80126023 0.90354496 22 22 22 22 255 0 0 0
10.92722607 60.98499680 17.44862747 -0.78112125 -0.33793145 0.52494889 0.91498983 0.90946054 22 30 22 22 128 127 0 0
11.46222591 63.95954132 21.60744286 -0.75585192 -0.56825465 0.32514420 0.90599388 0.89116609 22 22 22 22 255 0 0 0
14.49904728 65.20781708 41.50619507 -0.78087711 -0.61192662 -0.12549211 0.87598085 0.78868735 22 14 22 22 128 127 0 0
14.44664001 74.02111053 37.30099106 -0.44657734 0.89419234 0.03100681 0.79262125 0.80771756 22 22 22 22 255 0 0 0
14.49904728 65.20781708 41.50619507 -0.78087711 -0.61192662 -0.12549211 0.75392407 0.78937173 22 14 22 22 128 127 0 0
15.45069790 74.42571259 47.54501343 -0.61198765 0.64625996 0.45582446 0.79699439 0.76259506 22 22 22 22 255 0 0 0
20.44722557 64.71759796 50.09357834 0.95562607 0.28775904 0.06299020 0.84952670 0.75170779 22 14 22 22 128 127 0 0
18.37780190 67.71260071 52.75088120 0.42085025 0.77745903 0.46736047 0.83507645 0.74011636 22 14 22 22 128 127 0 0
22.38511658 59.88429642 63.88520813 0.95297098 0.30237740 0.01980651 0.87966466 0.69121826 14 14 14 14 255 0 0 0
16.97437477 66.41059113 63.50354004 0.15640736 0.98510695 0.07119969 0.84877956 0.69279420 14 14 14 14 255 0 0 0
14.96302223 65.86256409 50.43476105 -0.93572801 0.33930477 0.09610279 0.77717352 0.75026178 22 14 22 22 128 127 0 0
10.48557568 60.89932632 62.00141907 -0.80843532 0.35877559 -0.46650594 0.76445001 0.69938242 14 14 14 14 255 0 0 0
-0.39153320 63.07770538 75.18835449 0.00000000 0.73302406 -0.68019652 0.74118632 0.64154506 11 11 11 11 255 0 0 0
11.01873493 32.86441422 68.40600586 0.03292947 -0.15860470 -0.98678547 0.68946713 0.67139018 14 11 14 14 128 127 0 0
-0.39027342 35.40552521 68.28356934 0.00000000 0.13159582 -0.99127173 0.68695235 0.64794517 11 11 11 11 255 0 0 0
20.66064453 49.26225662 62.02039337 0.61433762 -0.53721732 -0.57786798 0.92637646 0.69920290 14 14 14 14 255 0 0 0
15.44940376 51.69138718 58.54881287 -0.59434795 -0.46079898 -0.65904719 0.94642043 0.71402085 14 14 14 14 255 0 0 0
15.44940376 51.69138718 58.54881287 -0.59434795 -0.46079898 -0.65904719 0.71922898 0.71462345 14 14 14 14 255 0 0 0
11.01873493 32.86441422 68.40600586 0.03292947 -0.15860470 -0.98678547 0.99425590 0.67063069 14 11 14 14 128 127 0 0
18.32579994 25.50311470 76.32776642 0.94009215 -0.13904233 -0.31116673 0.97296488 0.63642347 14 11 14 14 128 127 0 0
16.28296852 68.63872528 72.82298279 0.37534714 0.90414137 -0.20389417 0.82414794 0.65182161 14 11 14 14 128 127 0 0
14.22051716 -41.08126068 1.37738657 0.00000000 0.00000000 -1.00000000 0.07031250 0.92578125 56 56 56 56 255 0 0 0
15.02824688 -54.63597488 1.37740004 0.00000000 0.00000000 -1.00000000 0.07421875 0.98437500 56 56 56 56 255 0 0 0
2.35291982 -56.97164917 1.37741101 0.00000000 0.00000000 -1.00000000 0.01562500 0.98437500 56 56 56 56 255 0 0 0
2.60071278 -39.53013992 1.37738657 0.00000000 0.00000000 -1.00000000 0.01171875 0.92578125 56 56 56 56 255 0 0 0
2.60071278 -39.53013992 1.37738657 -0.54609823 0.81847590 0.17841120 0.81185454 0.59745449 56 56 56 56 255 0 0 0
2.35291982 -56.97164917 1.37741101 -0.31620228 -0.85555589 0.40986359 0.73031074 0.59745437 56 56 56 56 255 0 0 0
3.67645502 -53.05279541 10.35418320 -0.64967805 -0.55153048 0.52314830 0.74706942 0.55906659 56 56 56 56 255 0 0 0
6.51716805 -39.88944626 13.00008869 -0.66289252 0.65401167 -0.36439100 0.81715995 0.54775167 52 56 52 52 128 127 0 0
10.25939941 -41.77147675 12.94511795 0.77535325 0.62773520 -0.06863613 0.86771113 0.54798687 52 56 52 52 128 127 0 0
